G marknewman-astro F
4.208196221
4.187346908
4.217433258
4.196583946
4.246035084
4.225185772
4.255272121
4.234422809
G marknewman-astro C
4.246463947
4.226142465
4.257020561
4.236699079
4.294661487
4.274340005
4.305218101
4.284896619
G marknewman-astro R
4.454429242
4.437274744
4.466833263
4.449678766
4.501307206
4.484152708
4.513711227
4.496556729
G marknewman-condmat F
5.82557074
5.814460451
5.829942001
5.818831712
5.873768448
5.862658159
5.87813971
5.867029421
G marknewman-condmat C
5.8702851
5.858264131
5.876659856
5.864638887
5.928750719
5.91672975
5.935125475
5.923104506
G marknewman-condmat R
6.206599011
6.193667363
6.218073572
6.205141924
6.274376327
6.261444679
6.285850888
6.27291924
G dblp-2010 F
5.942354835
5.941720936
5.944415006
5.943781107
6.058447443
6.057813545
6.060507614
6.059873715
G dblp-2010 C
6.181730841
6.178363254
6.18533614
6.181968553
6.300081714
6.296714127
6.303687013
6.300319426
G dblp-2010 R
6.276459081
6.272655689
6.281847221
6.278043828
6.405338616
6.401535223
6.410726755
6.406923363
G dblp-2011 F
6.498741359
6.499332959
6.506374906
6.506966506
6.552802376
6.553393976
6.560435923
6.561027523
G dblp-2011 C
6.655582121
6.655524869
6.664141235
6.664083983
6.711046995
6.710989743
6.719606109
6.719548857
G dblp-2011 R
6.877775584
6.875514146
6.895380452
6.893119014
6.94685799
6.944596552
6.964462858
6.962201419
G snap-amazon F
9.995884437
9.997979871
10.01881634
10.02091178
10.06627628
10.06837172
10.08920819
10.09130362
G snap-amazon C
10.08154839
10.08423317
10.10402192
10.1067067
10.15393254
10.15661731
10.17640607
10.17909084
G snap-amazon R
10.49996726
10.50097569
10.54005553
10.54106396
10.5716884
10.57269682
10.61177667
10.61278509
G snap-dblp F
6.602313057
6.59969177
6.602831218
6.600209932
6.662842687
6.6602214
6.663360848
6.660739561
G snap-dblp C
6.7021658
6.700245555
6.703263083
6.701342838
6.764162284
6.762242039
6.765259566
6.763339321
G snap-dblp R
7.198594868
7.19557734
7.208013213
7.204995685
7.320412319
7.317394791
7.329830664
7.326813136
G coPapersDBLP F
0.7435582779
0.7433022061
0.7451387861
0.7448827144
0.7478175691
0.7475614974
0.7493980773
0.7491420056
G coPapersDBLP C
0.7695831403
0.769432016
0.770531865
0.7703807407
0.7739940806
0.7738429563
0.7749428053
0.774791681
G coPapersDBLP R
0.8017631692
0.8012993016
0.8021997505
0.8017358829
0.8087996317
0.8083357641
0.809236213
0.8087723454
G coPapersCiteseer F
0.4755181858
0.4752966941
0.4788355724
0.4786140807
0.4759172699
0.4756957782
0.4792346565
0.4790131648
G coPapersCiteseer C
0.4915653575
0.4913458612
0.4951523753
0.494932879
0.4926847884
0.4924652922
0.4962718062
0.4960523099
G coPapersCiteseer R
0.5290962242
0.5287390439
0.5331075182
0.532750338
0.5286771859
0.5283200056
0.5326884799
0.5323312997