G coPapersCiteseer/coPapersCiteseer.cliques F
193253 74028344 1000000
307165 74028344 1000000
190207 74028344 1000000
307773 74028344 1000000
186903 74028344 1000000
304893 74028344 1000000
188620 74028344 1000000
306318 74028344 1000000
G coPapersCiteseer/coPapersCiteseer.cliques C
186822 74028344 1000000
312510 74028344 1000000
193198 74028344 1000000
301312 74028344 1000000
184514 74028344 1000000
304010 74028344 1000000
186611 74028344 1000000
300277 74028344 1000000
G coPapersCiteseer/coPapersCiteseer.cliques R
123420 74028344 1000000
260220 74028344 1000000
123753 74028344 1000000
259970 74028344 1000000
121770 74028344 1000000
258610 74028344 1000000
121878 74028344 1000000
261590 74028344 1000000
