G marknewman-astro F
215 150126
251 150126
171 150126
217 150126
160 150126
220 150126
159 150126
208 150126
G marknewman-astro C
192 149011
252 149011
164 149011
214 149011
162 149011
211 149011
161 149011
214 149011
G marknewman-astro R
186 203380
252 203380
172 203380
236 203380
171 203380
238 203380
170 203380
236 203380
G marknewman-condmat F
313 209221
429 209221
296 209221
398 209221
296 209221
566 209221
469 209221
428 209221
G marknewman-condmat C
329 207954
431 207954
292 207954
403 207954
285 207954
398 207954
299 207954
452 207954
G marknewman-condmat R
338 243975
521 243975
354 243975
482 243975
313 243975
454 243975
304 243975
457 243975
G dblp-2010 F
1448 855693
2394 855693
1487 855693
2235 855693
1459 855693
2128 855693
1408 855693
2113 855693
G dblp-2010 C
1433 854119
2380 854119
1517 854119
2305 854119
1500 854119
2249 854119
1484 854119
2239 854119
G dblp-2010 R
1512 938359
2621 938359
1555 938359
2492 938359
1511 938359
2443 938359
1513 938359
2445 938359
G dblp-2011 F
7159 3791421
10935 3791421
7476 3791421
10300 3791421
7476 3791421
10569 3791421
7418 3791421
10309 3791421
G dblp-2011 C
8022 3787726
12325 3787726
7951 3787726
10845 3787726
7566 3787726
10489 3787726
7964 3787726
11096 3787726
G dblp-2011 R
7965 4325460
13134 4325460
7972 4325460
11891 4325460
8133 4325460
12176 4325460
8116 4325460
12160 4325460
G snap-amazon F
8719 3288937
11968 3288937
8962 3288937
11767 3288937
9032 3288937
11502 3288937
9062 3288937
11922 3288937
G snap-amazon C
8720 3267759
12095 3267759
9386 3267759
11970 3267759
9025 3267759
11685 3267759
9096 3267759
12045 3267759
G snap-amazon R
7353 3886002
11671 3886002
7684 3886002
11105 3886002
7451 3886002
10937 3886002
7463 3886002
11191 3886002
G snap-dblp F
1980 1143578
3344 1143578
2140 1143578
3059 1143578
2050 1143578
2996 1143578
2190 1143578
3177 1143578
G snap-dblp C
2018 1142499
3235 1142499
2177 1142499
3107 1142499
2391 1142499
3430 1142499
2348 1142499
3200 1142499
G snap-dblp R
2322 1257892
3878 1257892
2378 1257892
3533 1257892
2283 1257892
3485 1257892
2284 1257892
3515 1257892
G ca-coauthors F
12298 17255956
16743 17255956
13189 17255956
14627 17255956
13133 17255956
15087 17255956
13673 17255956
14669 17255956
G ca-coauthors C
12809 17217742
17681 17217742
13531 17217742
15344 17217742
13779 17217742
15144 17217742
13709 17217742
14896 17217742
G ca-coauthors R
12344 19248118
17567 19248118
13015 19248118
15214 19248118
13444 19248118
15673 19248118
13090 19248118
15136 19248118
