G marknewman-astro F
194539 14541561 1000000
226926 14541561 1000000
192799 14541561 1000000
224000 14541561 1000000
G marknewman-astro C
188724 14541561 1000000
220980 14541561 1000000
186987 14541561 1000000
217639 14541561 1000000
G marknewman-astro R
74522 14541561 1000000
112943 14541561 1000000
72788 14541561 1000000
111059 14541561 1000000
G marknewman-condmat F
94988 8679974 1000000
116278 8679974 1000000
93614 8679974 1000000
114748 8679974 1000000
G marknewman-condmat C
91956 8679974 1000000
113904 8679974 1000000
90899 8679974 1000000
112343 8679974 1000000
G marknewman-condmat R
45849 8679974 1000000
70717 8679974 1000000
44217 8679974 1000000
68986 8679974 1000000
G dblp-2010 F
35182 4953093 1000000
49676 4953093 1000000
34312 4953093 1000000
48650 4953093 1000000
G dblp-2010 C
35273 4953093 1000000
49845 4953093 1000000
34445 4953093 1000000
48941 4953093 1000000
G dblp-2010 R
25137 4953093 1000000
40913 4953093 1000000
24096 4953093 1000000
39819 4953093 1000000
G dblp-2011 F
132771 6808230 1000000
154975 6808230 1000000
131568 6808230 1000000
152484 6808230 1000000
G dblp-2011 C
131237 6808230 1000000
154468 6808230 1000000
129961 6808230 1000000
152014 6808230 1000000
G dblp-2011 R
51271 6808230 1000000
76440 6808230 1000000
49916 6808230 1000000
74989 6808230 1000000
G snap-amazon F
805532 12116758 1000000
871304 12116758 1000000
801464 12116758 1000000
848169 12116758 1000000
G snap-amazon C
795553 12116758 1000000
864254 12116758 1000000
806221 12116758 1000000
850990 12116758 1000000
G snap-amazon R
248045 12116758 1000000
307080 12116758 1000000
245199 12116758 1000000
303625 12116758 1000000
G snap-dblp F
64515 6610213 1000000
84078 6610213 1000000
63502 6610213 1000000
83940 6610213 1000000
G snap-dblp C
65645 6610213 1000000
86831 6610213 1000000
63713 6610213 1000000
83453 6610213 1000000
G snap-dblp R
41818 6610213 1000000
63975 6610213 1000000
40818 6610213 1000000
62882 6610213 1000000
G coPapersDBLP F
307801 56259023 1000000
402586 56259023 1000000
310633 56259023 1000000
412587 56259023 1000000
G coPapersDBLP C
291887 56259023 1000000
391983 56259023 1000000
289298 56259023 1000000
387213 56259023 1000000
G coPapersDBLP R
107920 56259023 1000000
215443 56259023 1000000
106255 56259023 1000000
213985 56259023 1000000
G coPapersCiteseer F
193253 74028344 1000000
307165 74028344 1000000
186903 74028344 1000000
304893 74028344 1000000
G coPapersCiteseer C
186822 74028344 1000000
312510 74028344 1000000
184514 74028344 1000000
304010 74028344 1000000
G coPapersCiteseer R
123420 74028344 1000000
260220 74028344 1000000
121770 74028344 1000000
258610 74028344 1000000
