G marknewman-astro F
185 150126
241 150126
194 150126
219 150126
163 150126
270 150126
194 150126
250 150126
G marknewman-astro C
198 149011
234 149011
183 149011
213 149011
163 149011
210 149011
161 149011
240 149011
G marknewman-astro R
193 203380
262 203380
180 203380
233 203380
167 203380
234 203380
166 203380
229 203380
G marknewman-condmat F
317 209221
476 209221
309 209221
420 209221
307 209221
415 209221
306 209221
429 209221
G marknewman-condmat C
317 207954
497 207954
301 207954
419 207954
288 207954
402 207954
290 207954
402 207954
G marknewman-condmat R
302 243975
487 243975
311 243975
461 243975
305 243975
460 243975
306 243975
457 243975
G dblp-2010 F
1367 855693
2289 855693
1449 855693
2197 855693
1425 855693
2123 855693
1431 855693
2135 855693
G dblp-2010 C
1440 854119
2360 854119
1573 854119
2332 854119
1583 854119
2258 854119
1559 854119
2307 854119
G dblp-2010 R
1506 938359
2699 938359
1593 938359
2545 938359
1557 938359
2489 938359
1540 938359
2483 938359
G dblp-2011 F
7435 3791421
11283 3791421
7935 3791421
10398 3791421
7827 3791421
10433 3791421
7376 3791421
10622 3791421
G dblp-2011 C
7295 3787726
11587 3787726
7986 3787726
10767 3787726
7675 3787726
11098 3787726
7900 3787726
10834 3787726
G dblp-2011 R
8147 4325460
12631 4325460
7946 4325460
11971 4325460
7723 4325460
11841 4325460
8064 4325460
12010 4325460
G snap-amazon F
8793 3288937
12348 3288937
8905 3288937
11752 3288937
9008 3288937
11755 3288937
8771 3288937
11710 3288937
G snap-amazon C
8766 3267759
12515 3267759
8860 3267759
11889 3267759
9053 3267759
11795 3267759
8777 3267759
11941 3267759
G snap-amazon R
7292 3886002
11677 3886002
7509 3886002
11176 3886002
7593 3886002
11057 3886002
7455 3886002
11111 3886002
G snap-dblp F
1991 1143578
3124 1143578
2090 1143578
3028 1143578
2091 1143578
2945 1143578
2095 1143578
2929 1143578
G snap-dblp C
2021 1142499
3211 1142499
2086 1142499
2992 1142499
2063 1142499
2966 1142499
2055 1142499
2965 1142499
G snap-dblp R
2202 1257892
3746 1257892
2338 1257892
3535 1257892
2296 1257892
3489 1257892
2291 1257892
3504 1257892
G coPapersDBLP F
12544 17255956
16960 17255956
13276 17255956
15109 17255956
13220 17255956
14988 17255956
13299 17255956
14880 17255956
G coPapersDBLP C
12411 17217742
17069 17217742
13316 17217742
14914 17217742
13237 17217742
14854 17217742
13222 17217742
14913 17217742
G coPapersDBLP R
12401 19248118
17037 19248118
13048 19248118
14995 19248118
12859 19248118
14958 19248118
12900 19248118
15150 19248118
G coPapersCiteseer F
11468 18397420
15422 18397420
12201 18397420
13305 18397420
12413 18397420
13234 18397420
12363 18397420
13239 18397420
G coPapersCiteseer C
11462 18167753
15291 18167753
12172 18167753
13291 18167753
12167 18167753
13253 18167753
12094 18167753
13282 18167753
G coPapersCiteseer R
11792 21053756
15640 21053756
12362 21053756
13786 21053756
12332 21053756
13790 21053756
12366 21053756
13843 21053756
