G marknewman-astro F
1020496
1015440
1022736
1017680
1029672
1024616
1031912
1026856
G marknewman-astro C
1029776
1024848
1032336
1027408
1041464
1036536
1044024
1039096
G marknewman-astro R
1080208
1076048
1083216
1079056
1091576
1087416
1094584
1090424
G marknewman-condmat F
2047024
2043120
2048560
2044656
2063960
2060056
2065496
2061592
G marknewman-condmat C
2062736
2058512
2064976
2060752
2083280
2079056
2085520
2081296
G marknewman-condmat R
2180912
2176368
2184944
2180400
2204728
2200184
2208760
2204216
G dblp-2010 F
9599280
9598256
9602608
9601584
9786816
9785792
9790144
9789120
G dblp-2010 C
9985968
9980528
9991792
9986352
10177152
10171712
10182976
10177536
G dblp-2010 R
10138992
10132848
10147696
10141552
10347184
10341040
10355888
10349744
G dblp-2011 F
43588592
43592560
43639792
43643760
43951192
43955160
44002392
44006360
G dblp-2011 C
44640560
44640176
44697968
44697584
45012576
45012192
45069984
45069600
G dblp-2011 R
46130864
46115696
46248944
46233776
46594216
46579048
46712296
46697128
G snap-amazon F
48848048
48858288
48960112
48970352
49192040
49202280
49304104
49314344
G snap-amazon C
49266672
49279792
49376496
49389616
49620400
49633520
49730224
49743344
G snap-amazon R
51311408
51316336
51507312
51512240
51661896
51666824
51857800
51862728
G snap-dblp F
13863088
13857584
13864176
13858672
13990184
13984680
13991272
13985768
G snap-dblp C
14072752
14068720
14075056
14071024
14202928
14198896
14205232
14201200
G snap-dblp R
15115120
15108784
15134896
15128560
15370904
15364568
15390680
15384344
G ca-coauthors F
22672176
22664368
22720368
22712560
22802048
22794240
22850240
22842432
G ca-coauthors C
23465712
23461104
23494640
23490032
23600208
23595600
23629136
23624528
G ca-coauthors R
24446928
24432784
24460240
24446096
24661480
24647336
24674792
24660648
